1. augment = 1
Total test samples:  294 

Training acc:  0.9736394557823129 

Testing Acc:  0.5850340136054422 

Training time:  0.5797014236450195 

Preparing time:  0.06738615036010742 

Testing time:  0.0776987075805664 

Predicted result:  [30. 27. 19. 19. 19. 19.  6.  6. 19. 19. 21. 19. 19. 19. 27. 30. 19. 19.
 29. 19. 33. 29.  7.  1. 19.  7.  6.  0. 20. 19.  9. 28.  0. 19. 19. 19.
 23. 20. 19. 34. 22. 13. 22.  6. 19.  6. 11. 26. 19. 19. 21.  6. 14. 13.
 25. 19. 24.  4.  3. 27.  5. 30. 12. 14. 15. 19. 21.  6. 19.  9.  4.  9.
 34. 33. 19. 19. 28.  2. 34. 19.  1.  2. 22. 19. 34. 19. 19. 19. 19. 19.
  1. 19. 19. 19. 19. 21. 28.  1. 26. 26. 15.  7. 19.  0.  7. 19. 28.  3.
  0. 25. 19.  7. 19.  6.  6. 19. 19. 24.  0. 19. 19. 13. 19. 29. 25. 19.
 19. 31. 19. 19.  1. 19. 19. 19.  9. 27. 19. 19. 34. 10.  6.  4. 15. 30.
 19.  6. 30. 19.  1. 30.  2. 25. 19. 28.  0. 19. 19. 19. 19.  4. 19. 19.
 19. 14.  6. 19.  9. 25. 24. 11. 19.  5. 28. 19. 19. 19. 19. 31. 13. 19.
 19.  3. 24. 19. 31. 30. 19. 19.  2. 19. 26. 19. 19. 24. 24. 19. 33. 21.
  1. 19.  7. 19. 24. 13.  1.  3. 13. 28. 26. 20. 19.  9. 27.  4. 19. 25.
  4.  6.  3.  4. 19. 19. 27.  2. 27. 19. 24. 21. 10.  6. 30.  1. 28. 26.
 19. 19. 19. 21. 19. 26.  0. 34. 19. 26. 22. 33. 10. 20. 19. 22. 19. 25.
 19.  4. 19. 19. 19. 29.  9. 30. 13. 34. 24.  4. 26. 31. 12.  3. 19. 29.
  1. 19. 19. 10. 30. 19. 11. 34. 19. 19. 13. 30. 19. 26.  0. 34.  1.  7.
 21.  7. 19. 19.  7. 20.] 

2. augment = 3

Total test samples:  882 

Training acc:  0.9829931972789115 

Testing Acc:  0.7653061224489796 

Training time:  4.712446928024292 

Preparing time:  0.16130495071411133 

Testing time:  0.6840043067932129 

Predicted result:  [16. 17.  1. 34.  6.  1. 20. 29. 15. 31. 27. 12.  9. 17. 14. 27.  0. 17.
  9. 22.  0.  7. 11. 17.  2.  4.  2.  1.  7. 13.  8. 13.  5. 20. 17. 24.
 11. 33. 33.  0. 21.  9. 17. 19. 14. 33. 14. 32. 17.  6.  5. 17. 17. 12.
  1. 17.  9. 27. 17. 17. 26. 28. 34. 21.  5. 33. 21.  4. 22. 21. 17. 25.
  3. 27.  9.  6.  2. 23.  8. 17. 17. 13. 34.  0. 25. 32. 28. 20.  7.  0.
  2.  6. 17. 17.  2. 30. 26. 30. 17. 28. 13. 17. 17. 20. 11. 17. 23.  3.
 17.  0. 27. 14. 17. 25. 29. 12. 11.  8.  4. 21. 22. 20. 26. 11. 17.  8.
 17. 24.  9. 17. 25. 20.  9. 30. 33. 22. 17. 34. 17.  7.  0. 28. 11. 25.
 17. 17.  9.  1.  8.  5. 30. 28.  9.  4. 30. 14.  8. 26. 23. 17. 34. 17.
 26. 12. 17.  3. 31.  8. 28. 21. 25. 17. 17. 33. 11. 27. 14.  6. 26. 29.
 17. 27. 11. 34.  1.  6.  8. 13. 13.  1. 31. 19. 17. 26.  2. 11. 26. 26.
 19. 27. 25. 17.  6. 11. 24.  3. 27.  0.  1. 27. 17. 24. 17. 12.  0.  3.
 17. 33. 27.  5. 34.  4. 14. 17. 21.  6. 17. 17. 30. 10. 17. 26. 17.  6.
 17. 29.  4. 29. 17. 17. 24. 23. 17. 33. 17. 30. 34.  2. 17. 33. 17.  6.
 27. 17. 26. 25. 15. 17. 17.  0. 17. 17.  2. 17. 27. 12. 10. 13. 24.  6.
 19. 17. 17. 15. 17. 21. 21. 25. 17.  2. 27.  0.  6. 17. 29. 26.  4. 17.
  3. 23. 30. 22. 17. 29. 22. 17.  6. 14. 17. 21.  3. 13. 10. 17.  6. 11.
 10.  4. 25. 34. 25. 33. 17. 25. 27. 24. 30. 23. 34. 29. 25. 25. 30. 33.
 12. 20.  6.  6. 17. 15. 11. 27. 14. 29.  2. 12.  1.  9. 14.  9. 34. 21.
 14.  8.  4. 26.  8. 12.  4. 34.  8. 30. 30. 17. 17. 31. 30. 15.  2. 34.
  2. 26.  7. 25. 17. 24. 31.  6. 13. 17. 28. 20. 31. 21. 17. 34. 27.  7.
  7. 19. 17. 12. 27. 13. 17. 33. 29. 14.  6. 27. 17. 17.  7. 11. 17.  7.
  7. 33.  0.  5. 20.  6. 17. 10. 30. 24.  5. 17. 23.  5. 29. 31.  7.  6.
 33. 26.  1.  0. 17.  9. 12. 32. 28. 17. 27. 10. 21.  1. 17. 17.  0. 32.
 25. 23. 15. 26. 17. 29.  0. 17. 17.  1. 17.  4.  1.  1. 21. 26.  4.  3.
 17. 27. 21. 24. 17.  1.  2.  5. 15. 29. 21. 17. 10.  0. 14. 21. 17. 24.
 25. 17. 17. 34. 17.  3.  6.  8. 10.  6. 12.  8.  7. 17. 13. 13. 13.  2.
  6. 17. 17. 17.  8. 17.  2. 17.  0. 17. 11. 25. 12. 28.  7.  1. 17. 17.
 25. 33. 30. 28.  6. 24.  9. 10. 14. 25. 12.  4. 22. 25. 10.  8. 33.  5.
 34. 14. 17.  8. 17. 20. 28. 17. 17.  8. 17.  8. 19. 27.  2. 19. 29. 24.
  8. 13. 21. 17. 17.  6. 17. 19. 17. 26. 17.  2. 26.  6.  6. 28. 17.  8.
 17. 17. 29. 33. 17. 13.  1. 21. 33.  6.  2.  3.  3.  0.  7. 11. 11. 32.
 33. 17.  8.  3. 17. 26.  7. 29. 27. 22. 26. 14.  6. 13. 14.  9. 10. 30.
 13. 21.  4. 17. 17. 34. 14. 17. 27. 17. 17.  7. 12.  8.  4. 17. 22. 17.
 24. 32. 17. 29. 30. 21. 13.  2. 19.  4.  4. 26.  0. 24. 23.  0. 13.  3.
  8. 24. 29. 17. 17. 30.  9.  1. 17. 17.  8.  3. 17. 28. 13. 14.  2. 24.
 17.  0. 12. 14.  9. 22. 17.  6.  1. 23.  4. 18.  1.  6. 17. 14.  9.  0.
 17. 12. 17. 17. 11. 14. 17.  7. 20. 14. 10. 27.  8.  9. 34. 17. 17. 26.
 17.  5.  9.  3. 14. 25. 17. 17.  1. 30. 17. 17.  9. 11.  0. 33. 24. 17.
 10. 29. 12. 23. 17. 17. 17.  6.  2. 17. 17. 17. 23.  1. 17. 34. 13. 31.
 13. 13.  3. 23. 34. 25.  9. 27. 23. 24.  8. 17. 17.  5. 17. 28. 26. 17.
 17. 34. 26.  4. 25. 34. 17. 17.  2. 31. 21. 23. 17.  6.  6.  2. 29. 23.
 33.  4. 17.  3. 32. 13. 30. 17. 17.  3.  0. 17. 23. 17. 34.  6. 31. 13.
  1. 33. 17. 30.  6. 17. 17. 26.  6. 17.  9.  2.  1.  8.  1. 25. 17. 17.
  3.  1. 17. 17. 29. 17. 31. 13. 17. 27. 17. 12. 30. 25. 17. 26.  7. 17.
 26. 17. 17. 17. 32. 23.  2. 17. 25.  7. 15.  2. 20.  6. 21. 25. 17. 33.
 26.  3. 17. 17. 34.  4.  4.  7.  9.  7. 23. 17.  3. 34. 13.  9. 32. 17.
 17. 14.  3. 13. 17. 25. 23. 34.  7. 17. 29. 12. 29.  1. 17.  4. 20. 17.
 17.  7. 28.  2. 17. 17.  5.  1.  1. 10. 17. 30. 21.  5.  2. 26. 17. 17.] 

3. augment = 5
Total test samples:  1470 

Training acc:  0.9811224489795919 

Testing Acc:  0.8074829931972789 

Training time:  12.238502502441406 

Preparing time:  0.25434017181396484 

Testing time:  1.720261573791504 

Predicted result:  [21.  7. 24. ...  7. 30. 10.] 

4. augment = 10
Total test samples:  2940 

Training acc:  0.9829931972789115 

Testing Acc:  0.832312925170068 

Training time:  43.80192160606384 

Preparing time:  0.4937136173248291 

Testing time:  6.420764684677124 

Predicted result:  [13.  6. 18. ... 18. 34. 32.] 

5. augment = 30
Total test samples:  8820 

Training acc:  0.9846938775510204 

Testing Acc:  0.854875283446712 

Training time:  325.25664734840393 

Preparing time:  1.491330623626709 

Testing time:  40.93294048309326 

Predicted result:  [ 8. 32. 11. ... 10. 26. 17.] 